Quetion 1A: f(x) = ln(x)-sin(x)

Bisection 
iteration         error

    0            1.000000
    1            0.500000
    2            0.250000
    3            0.125000
    4            0.062500
    5            0.031250
    6            0.015625
    7            0.007812
    8            0.003906
    9            0.001953
   10            0.000977
   11            0.000488
   12            0.000244
   13            0.000122
   14            0.000061
   15            0.000031
   16            0.000015
   17            0.000008
   18            0.000004
   19            0.000002
   20            0.000001


Regula Falsi
iteration         error

    1           0.068417
    2           0.063588
    3           0.004499
    4           0.000307
    5           0.000021
    6           0.000002
    7           0.000000


Newton-Raphson
 iteration         error

    1           0.250097
    2           0.032529
    3           0.001601
    4           0.000067
    5           0.000005
    6           0.000000
